G05  21200987.877   111411958.454        -563.883          48.000    21200980.110    86814490.942        -439.384          47.000  
G05  21197830.113   111395363.892        -542.582          48.000    21197822.416    86801560.119        -422.804          48.000  
G05  21194793.779   111379408.915        -520.745          48.000    21194786.423    86789127.658        -405.747          48.000  
G05  21191876.605   111364078.696        -499.925          48.000    21191869.259    86777182.034        -389.555          48.000  
G05  21189079.849   111349381.892        -478.844          48.000    21189072.570    86765729.985        -373.101          48.000  
G05  21186405.740   111335329.854        -457.710          48.000    21186398.240    86754780.336        -356.642          48.000  
G05  21183853.039   111321914.994        -436.636          48.000    21183845.626    86744327.190        -340.253          48.000  
G05  21181420.251   111309128.416        -416.330          49.000    21181412.153    86734363.633        -324.400          48.000  
G05  21179116.829   111297024.896        -393.270          48.000    21179109.118    86724932.307        -306.402          48.000  
G05  21176927.444   111285520.200        -372.672          49.000    21176919.744    86715967.601        -290.381          47.000  
G05  21174861.923   111274665.431        -351.011          48.000    21174854.207    86707509.336        -273.502          48.000  
G05  21172916.327   111264441.526        -330.024          48.000    21172908.735    86699542.652        -257.127          48.000  
G05  21171092.226   111254855.590        -309.469          48.000    21171084.349    86692073.079        -241.142          48.000  
G05  21169395.947   111245941.354        -287.397          48.000    21169388.056    86685126.921        -223.950          48.000  
G05  21167820.801   111237664.723        -265.050          48.000    21167812.879    86678677.588        -206.526          48.000  
G05  21166362.896   111230003.699        -244.476          48.000    21166355.220    86672707.953        -190.506          48.000  
G05  21165030.286   111222998.833        -223.303          48.000    21165022.499    86667249.619        -174.016          48.000  
G05  21163819.622   111216637.607        -201.736          48.000    21163811.911    86662292.809        -157.199          48.000  
G05  21162735.427   111210940.331        -179.216          48.000    21162728.264    86657853.372        -139.643          48.000  
G05  21161770.184   111205866.753        -158.147          48.000    21161762.626    86653899.925        -123.243          48.000  
G05  21160926.831   111201436.106        -136.733          48.000    21160919.716    86650447.481        -106.520          48.000  
G05  21160206.487   111197649.421        -115.530          48.000    21160199.143    86647496.807         -90.013          48.000  
G05  21159612.058   111194525.001         -93.519          49.000    21159604.094    86645062.185         -72.876          48.000  
G05  21159136.529   111192027.026         -73.094          48.000    21159128.865    86643115.694         -56.962          48.000  
G05  21158789.801   111190204.499         -50.126          48.000    21158782.290    86641695.545         -39.078          48.000  
G05  21158559.683   111188996.060         -29.056          48.000    21158552.082    86640753.894         -22.663          48.000  
G05  21158454.176   111188440.576          -7.700          48.000    21158446.529    86640321.033          -6.015          48.000  
G05  21158473.253   111188541.956          13.968          48.000    21158465.921    86640400.034          10.880          48.000  
G05  21158613.494   111189279.395          34.937          48.000    21158606.296    86640974.648          27.200          48.000  
G05  21158880.526   111190683.284          57.215          48.000    21158873.248    86642068.579          44.585          48.000  
G05  21159266.514   111192712.164          78.044          48.000    21159259.387    86643649.513          60.819          48.000  
G05  21159781.176   111195415.093         100.558          48.000    21159773.758    86645755.700          78.368          48.000  
G05  21160414.711   111198744.695         122.099          48.000    21160407.097    86648350.180          95.150          48.000  
G05  21161171.183   111202718.689         143.230          48.000    21161163.578    86651446.785         111.597          48.000  
G05  21162053.261   111207354.714         165.207          48.000    21162046.164    86655059.257         128.749          48.000  
G05  21163055.472   111212621.475         186.074          48.000    21163047.870    86659163.215         145.016          47.000  
G05  21164184.568   111218556.045         208.494          48.000    21164177.141    86663787.539         162.470          47.000  
G05  21165432.610   111225113.009         229.100          48.000    21165425.324    86668896.857         178.513          48.000  
G05  21166807.934   111232342.322         251.541          48.000    21166800.823    86674530.076         196.018          48.000  
G05  21168302.819   111240197.233         272.583          48.000    21168295.394    86680650.769         212.426          48.000  
G05  21169922.464   111248707.831         293.903          48.000    21169914.954    86687282.389         229.020          48.000  
G05  21171667.585   111257878.883         316.388          48.000    21171660.313    86694428.655         246.546          48.000  
G05  21173530.503   111267669.882         337.484          47.000    21173523.588    86702057.988         262.975          48.000  
G05  21175518.540   111278116.483         358.883          48.000    21175511.228    86710198.185         279.662          48.000  
G05  21177630.102   111289211.058         380.467          48.000    21177622.154    86718843.294         296.459          48.000  
G05  21179864.116   111300951.767         402.040          48.000    21179856.489    86727991.885         313.264          47.000  
G05  21182220.066   111313332.696         423.366          48.000    21182212.825    86737639.353         329.912          48.000  
G05  21184700.698   111326367.885         445.105          48.000    21184693.241    86747796.621         346.842          48.000  
G05  21187301.274   111340033.289         466.028          48.000    21187293.537    86758444.963         363.139          48.000  
G05  21190028.548   111354364.832         488.039          48.000    21190020.768    86769612.397         380.280          47.000  
G05  21192874.777   111369323.370         509.382          48.000    21192867.142    86781268.389         396.929          47.000  
G05  21195844.160   111384925.824         530.780          48.000    21195836.507    86793426.128         413.559          47.000  
G05  21198936.140   111401175.178         552.262          48.000    21198928.641    86806087.949         430.352          47.000  
G05  21202149.533   111418061.849         573.292          48.000    21202141.865    86819246.380         446.743          48.000  
G05  21205487.710   111435601.977         595.223          48.000    21205479.941    86832914.004         463.815          47.000  
G05  21208943.571   111453764.185         616.098          48.000    21208936.372    86847066.350         480.084          48.000  
G05  21212525.221   111472584.166         637.718          48.000    21212517.141    86861731.249         496.917          47.000  
G05  21216226.098   111492033.988         658.964          49.000    21216218.291    86876886.948         513.488          47.000  
G05  21220048.445   111512119.427         680.003          48.000    21220040.604    86892537.941         529.884          47.000  
G05  21223994.213   111532855.498         701.708          49.000    21223986.591    86908695.908         546.794          47.000  
G05  21228059.336   111554218.278         722.738          48.000    21228052.012    86925342.215         563.193          48.000  
G05  21232245.812   111576218.118         743.736          49.000    21232238.730    86942484.931         579.527          48.000  
G05  21236554.117   111598858.853         765.120          48.000    21236546.720    86960127.037         596.184          47.000  
G05  21240985.329   111622143.876         786.459          48.000    21240978.145    86978271.208         612.861          47.000  
G05  21245533.655   111646044.808         806.859          48.000    21245526.548    86996895.315         628.701          47.000  
G05  21250206.332   111670600.185         828.949          49.000    21250198.305    87016029.358         645.940          47.000  
G05  21254995.785   111695768.817         849.679          48.000    21254988.228    87035641.252         662.075          47.000  
G05  21259905.847   111721571.798         870.614          48.000    21259898.463    87055747.430         678.420          48.000  
G05  21264936.759   111748010.285         891.661          48.000    21264929.513    87076348.818         694.793          47.000  
G05  21270088.589   111775081.808         912.689          49.000    21270081.282    87097443.503         711.206          47.000  
G05  21275359.513   111802781.203         933.590          48.000    21275352.546    87119027.444         727.509          47.000  
G05  21280750.013   111831109.002         954.597          48.000    21280742.776    87141101.017         743.860          47.000  
G05  21286259.307   111860059.938         975.379          48.000    21286252.148    87163660.156         760.054          47.000  
G05  21291887.912   111889638.189         996.127          48.000    21291880.517    87186708.132         776.180          47.000  
G05  21297636.146   111919845.664        1017.293          48.000    21297628.915    87210246.408         792.700          47.000  
G05  21303500.178   111950660.583        1037.141          48.000    21303492.623    87234258.013         808.178          47.000  
G05  21309488.080   111982125.998        1058.951          48.000    21309480.525    87258776.517         825.137          47.000  
G05  21315589.243   112014190.002        1079.245          48.000    21315582.161    87283761.452         840.980          46.000  
G05  21321810.411   112046882.157        1099.704          48.000    21321803.042    87309235.844         856.936          46.000  
G05  21328149.471   112080194.063        1120.395          48.000    21328141.803    87335193.146         873.042          46.000  
G05  21334607.376   112114129.147        1141.141          48.000    21334599.506    87361636.056         889.211          46.000  
G05  21341180.604   112148673.861        1161.832          48.000    21341173.182    87388553.995         905.336          46.000  
G05  21347868.854   112183817.820        1181.202          48.000    21347860.883    87415938.881         920.425          46.000  
G05  21354682.125   112219624.964        1203.284          48.000    21354675.037    87443840.519         937.604          46.000  
G05  21361604.554   112255999.931        1222.991          48.000    21361596.950    87472184.634         952.990          46.000  
G05  21368645.506   112293001.009        1243.398          48.000    21368637.551    87501016.615         968.906          45.000  
G05  21375801.920   112330608.098        1263.565          48.000    21375794.173    87530320.834         984.639          45.000  
G05  21383074.360   112368824.925        1283.861          48.000    21383066.416    87560100.167        1000.407          45.000  
G05  21390461.631   112407645.676        1303.576          48.000    21390454.225    87590350.094        1015.806          45.000  
G05  21397964.657   112447075.118        1323.644          48.000    21397957.064    87621074.300        1031.417          45.000  
G05  21405589.232   112487140.647        1345.275          48.000    21405581.523    87652294.190        1048.310          45.000  
G05  21413318.263   112527758.726        1364.552          48.000    21413310.975    87683944.600        1063.267          45.000  
G05  21421165.549   112568996.463        1384.460          48.000    21421158.252    87716077.869        1078.794          45.000  
G05  21429129.021   112610843.999        1404.771          48.000    21429121.763    87748686.332        1094.593          45.000  
G05  21437203.800   112653277.656        1424.330          48.000    21437196.285    87781751.492        1109.841          45.000  
G05  21445393.302   112696313.091        1443.859          47.000    21445386.040    87815285.584        1125.091          45.000  
G05  21453697.075   112739949.601        1464.165          48.000    21453689.418    87849288.041        1140.908          45.000  
G05  21462112.627   112784173.003        1483.700          48.000    21462104.542    87883747.810        1156.113          45.000  
G05  21470641.067   112828990.459        1503.911          48.000    21470633.636    87918670.497        1171.908          45.000  
G05  21479279.976   112874387.325        1523.171          48.000    21479272.420    87954044.661        1186.911          45.000  
G05  21488032.977   112920385.159        1542.901          48.000    21488025.564    87989887.110        1202.298          45.000  
G05  21496895.916   112966962.671        1562.394          47.000    21496889.046    88026181.226        1217.433          45.000  
G05  21505871.773   113014129.665        1581.753          47.000    21505864.465    88062934.724        1232.550          45.000  
G05  21514959.437   113061885.475        1601.461          47.000    21514952.040    88100147.018        1247.861          45.000  
G05  21524155.653   113110212.291        1620.627          47.000    21524148.580    88137804.258        1262.826          46.000  
G05  21533462.745   113159121.528        1639.734          47.000    21533455.870    88175915.334        1277.689          46.000  
G05  21542879.544   113208606.343        1658.938          47.000    21542872.499    88214474.906        1292.685          45.000  
G05  21552406.466   113258670.662        1678.160          47.000    21552399.132    88253486.065        1307.651          45.000  
G05  21562042.694   113309309.547        1697.383          47.000    21562036.097    88292944.909        1322.606          46.000  
G05  21571787.191   113360515.704        1716.347          47.000    21571780.094    88332845.789        1337.438          45.000  
G05  21581640.244   113412296.277        1735.287          47.000    21581633.419    88373194.258        1352.169          45.000  
G05  21591602.179   113464644.780        1754.286          47.000    21591594.724    88413985.288        1366.960          45.000  
G05  21601672.300   113517564.201        1773.126          47.000    21601664.967    88455221.162        1381.663          45.000  
G05  21611848.509   113571040.979        1791.899          47.000    21611841.626    88496891.345        1396.300          45.000  
G05  21622131.854   113625079.933        1810.249          47.000    21622124.550    88538999.611        1410.586          45.000  
G05  21632521.870   113679678.490        1828.556          47.000    21632514.332    88581543.908        1424.873          45.000  
G05  21643021.521   113734856.098        1848.477          47.000    21643014.853    88624539.414        1440.378          45.000  
G05  21653620.585   113790552.997        1866.198          47.000    21653613.581    88667939.573        1454.169          46.000  
G05  21664324.453   113846800.466        1883.700          47.000    21664317.261    88711768.759        1467.861          45.000  
